INITIAL POPULATION:
0,9,1,10,14,7,8,11,16,18,6,17,4,13,15,2,5,19,12,3
0,19,4,12,3,16,7,1,15,2,11,14,13,5,18,8,9,10,6,17
0,10,6,4,16,11,1,5,2,14,17,15,9,7,8,3,18,19,13,12
0,9,16,1,7,13,19,15,4,5,3,10,17,14,8,6,12,11,18,2
0,17,15,4,1,5,7,16,12,11,10,9,2,3,19,14,18,6,13,8
0,13,2,19,8,7,11,16,17,9,12,1,3,5,6,4,18,14,15,10
0,17,5,12,16,18,6,19,15,3,11,1,13,9,10,7,14,4,8,2
0,5,9,4,10,12,16,17,15,8,13,6,14,19,2,3,7,11,1,18
FITNESS:
0:370.914
1:356.921
2:392.402
3:364.374
4:395.45
5:375.517
6:376.725
7:388.409
SELECTED PAIRS:
(3,0)
(1,3)
(1,3)
(1,1)
(7,5)
(1,3)
(3,3)
(3,1)
GENERATION: 1
0,9,1,10,14,16,8,11,7,18,6,17,4,13,15,2,5,19,12,3
0,19,4,12,3,16,7,17,15,9,13,5,10,1,14,8,6,11,18,2
0,9,16,13,7,1,19,15,4,5,3,12,2,11,14,18,8,10,6,17
0,19,4,12,3,16,7,1,15,2,11,14,13,5,10,8,9,18,6,17
0,13,2,19,8,7,11,6,17,9,12,1,3,5,16,4,18,14,10,15
0,19,4,9,16,1,3,13,15,5,7,10,17,14,8,6,12,11,18,2
0,9,16,1,7,13,19,14,4,5,3,10,17,15,8,6,12,11,18,2
0,19,7,9,16,1,4,13,15,5,3,10,17,14,8,6,12,11,18,2
FITNESS:
0:385.613
1:400.006
2:409.795
3:357.175
4:399.659
5:389.315
6:360.408
7:373.814
SELECTED PAIRS:
(6,0)
(6,3)
(6,3)
(5,1)
(6,3)
(6,5)
(7,5)
(0,0)
GENERATION: 2
0,9,6,1,7,13,19,10,14,8,11,18,16,17,4,15,2,5,12,3
0,19,4,12,3,16,7,5,15,2,11,14,13,1,10,8,9,18,17,6
0,9,16,1,7,13,19,4,12,3,15,2,11,14,5,10,8,18,6,17
0,19,4,12,3,16,10,17,15,9,13,5,7,1,14,8,6,11,18,2
0,9,16,1,7,13,19,14,4,5,3,12,11,2,15,10,8,18,6,17
0,19,4,9,16,1,3,13,2,5,7,10,17,14,8,6,12,11,18,15
0,2,7,9,16,1,4,13,15,5,3,10,17,14,8,6,12,11,18,19
0,9,1,10,5,16,8,11,7,18,6,17,4,13,15,2,14,19,12,3
FITNESS:
0:407.805
1:368.883
2:391.158
3:403.946
4:378.191
5:392.73
6:367.254
7:381.029
SELECTED PAIRS:
(6,1)
(1,1)
(3,6)
(1,1)
(6,6)
(5,6)
(4,6)
(6,0)
GENERATION: 3
0,2,8,9,19,4,12,3,16,5,15,11,14,13,1,10,7,18,17,6
0,3,4,12,19,16,7,5,15,2,11,14,13,1,10,8,9,18,17,6
0,19,4,12,3,16,2,7,9,6,13,15,5,10,17,14,8,1,11,18
0,19,4,12,3,16,7,5,15,2,11,10,13,1,14,8,9,18,17,6
0,2,7,9,16,1,4,13,15,5,3,10,19,14,8,6,12,11,18,17
0,19,4,9,16,1,17,7,13,15,5,3,10,2,14,8,6,12,11,18
0,2,7,9,8,1,4,13,15,5,3,10,17,14,16,6,12,11,18,19
0,9,6,1,7,13,19,10,14,8,11,12,16,17,4,15,2,5,3,18
FITNESS:
0:391.461
1:363.888
2:370.333
3:384.191
4:367.43
5:375.573
6:351.773
7:411.395
SELECTED PAIRS:
(1,4)
(6,6)
(2,4)
(6,2)
(6,7)
(1,4)
(6,1)
(6,6)
GENERATION: 4
0,2,7,9,16,3,4,13,15,5,1,10,19,14,8,6,12,11,18,17
0,2,7,9,8,1,4,13,15,5,19,10,17,14,16,6,12,11,18,3
0,2,7,9,16,8,4,13,15,5,3,10,19,14,1,6,12,11,17,18
0,2,7,9,8,1,4,19,12,3,16,6,18,15,5,10,17,14,11,13
0,15,7,9,6,1,13,19,10,14,8,11,12,16,17,4,2,5,3,18
0,3,4,12,19,16,7,18,15,2,11,14,9,1,13,10,8,6,5,17
0,2,7,9,8,6,4,3,12,19,16,5,15,11,14,13,10,18,17,1
0,2,7,9,8,1,4,13,15,5,3,10,17,14,16,6,12,11,18,19
FITNESS:
0:374.531
1:355.839
2:359.071
3:360.823
4:364.063
5:399.179
6:360.14
7:351.773
SELECTED PAIRS:
(1,4)
(1,6)
(1,1)
(7,2)
(7,1)
(2,7)
(7,7)
(1,2)
GENERATION: 5
0,15,7,9,6,1,13,2,8,11,5,19,10,17,14,16,12,4,18,3
0,2,7,9,8,6,4,12,3,19,16,5,15,11,1,13,10,17,14,18
0,2,7,9,8,1,4,13,15,5,19,10,17,14,16,6,12,3,18,11
0,2,7,9,8,1,4,13,15,5,3,10,17,14,16,6,12,19,18,11
0,2,3,9,8,1,4,13,15,5,19,10,17,14,16,6,12,11,18,7
0,2,7,9,8,16,4,3,15,5,13,10,19,14,1,6,12,11,17,18
0,2,7,9,17,1,4,13,15,5,3,10,8,14,16,6,12,11,18,19
0,2,7,9,8,1,4,13,15,18,19,10,17,14,16,6,12,11,5,3
FITNESS:
0:363.344
1:396.947
2:359.466
3:347.279
4:365.452
5:352.38
6:361.704
7:370.72
SOLUTION:
LAX Airport
Catalina Island
Disneyland
Rose Bowl
Getty Villa
Tommy Trojan
Third Street Promenade
Coliseum
The Huntington Library
Hollywood Sign
Getty Center
Zuma Beach
Griffith Observatory
Dodger Stadium
Venice Beach
Staples Center
Magic Mountain
Whiskey a Go Go
La Brea Tar Pits
Chinese Theatre
LAX Airport
DISTANCE: 347.279